0,273
0,270
962,35
875,4
875,3
875,2
875,1
809,5
809,4
809,3
809,2
809,1
807,6
807,5
807,4
807,3
807,2
807,1
804,4
804,3
804,2
804,1
803,5
803,4
803,3
803,1
800,3
800,2
800,1
795,3
795,1
21,3
21,2
21,1
21,0
20,3
20,2
20,1
19,3
19,2
19,1
18,3
18,1
14,3
14,1
13,3
13,1
12,3
12,2
12,1
11,3
11,2
11,1
10,3
10,2
10,1
9,3
9,2
9,1
8,3
8,2
8,1
7,13
7,12
7,11
7,10
7,9
7,8
2,1
7,7
7,6
2,3
7,5
7,4
7,1
6,6
6,5
6,4
6,1
4,87
4,86
4,85
4,84
4,83
4,82
4,81
4,80
4,79
4,78
4,77
4,76
4,75
4,74
4,73
4,72
4,71
4,70
4,69
4,68
4,67
4,66
4,65
4,64
4,40
4,39
4,38
4,37
4,36
4,35
4,1
3,3
